10693
10693
10692
10698
10693
10698
10703
10702
10699
10701
10697
10697
10694
10699
4773
4890
4983
4998
5003
4835
4831
4833
4837
4835
4829
4835
4835
4831
4829
4842
4843
4842
4842
4830
4832
4832
4835
4830
4843
4856
4852
4893
4926
5014
5233
5393
6012
6774
7623
6659
6695
6817
6821
6819
6761
6754
6756
6757
6751
6760
6771
6769
6769
6760
6758
6765
6766
6791
6787
6797
6804
6799
6798
6790
6797
6794
6792
6789
6789
6793
6795
6792
6791
6794
6839
6839
6760
6761
6752
6751
6749
6751
6757
6753
4917
5017
5122
5132
5131
4950
4951
4952
4949
4954
4957
4959
4964
4954
4954
4957
4958
4956
4954
4956
4958
4958
4957
4950
4952
4953
4951
4950
4951
4954
4952
4951
4952
4950
4949
4950
4950
4951
4948
4949
4947
4947
4946
4923
4921
4921
4923
4924
4921
4921
4923
4926
4923
4923
4922
4923
4925
4924
4926
4927
4938
4941
4946
5028
5100
5113
5111
5111
5106
5108
5104
5104
5103
5103
5101
5099
5078
5078
5079
5080
5080
5080
5080
5080
5079
5080
5078
5085
5084
5081
5088
5140
5189
5189
5192
5187
5179
5177
5179
5179
5180
5181
5180
5178
5178
5182
5179
5169
5169
5171
5169
5178
5181
5180
5179
5169
5169
5167
5169
5169
5168
5168
5167
5169
5174
5173
5173
5177
5173
5170
5168
5168
5168
5168
5166
5171
5170
5168
5165
5166
5167
5164
5163
5164
5164
5164
5172
5171
5171
5174
5174
5174
5174
5172
5175
5173
5172
5172
5156
5087
5209
5258
5258
5108
5141
5144
5143
5143
5146
5146
5145
5145
5146
5149
5148
5147
5148
5146
5146
5146
5147
5145
5145
5149
5146
5145
5146
5148
5148
5146
5146
5170
5171
5257
5315
5363
5365
5363
5365
5364
5365
5363
5326
5506
5610
5712
5889
5992
6004
5424
5600
5710
5839
5995
5999
6065
6112
6136
6169
5431
5598
5715
5811
5979
6001
6054
6088
6115
5450
5596
5715
5826
5994
6001
5391
5602
5743
5803
5994
6055
6087
6143
6173
6193
6213
6232
6262
6281
6313
6334
5391
5450
5639
5730
5786
5942
6030
6050
5371
5524
5666
5762
5863
6004
6033
6054
5492
5645
5755
5840
5995
6033
5386
5544
5644
5749
5835
5938
6047
6051
6083
5522
5660
5760
5847
6035
6076
6116
5848
5566
5673
5779
5957
6127
6131
6176
6199
5560
5727
5839
5951
6103
6113
5445
5641
5762
5867
6055
6108
6138
5444
5665
5787
5886
6076
6110
5465
5674
5792
5889
6083
6115
5558
5725
5823
5974
6104
6114
5489
5682
5777
5850
6049
6081
6107
5590
5706
5818
6013
6080
6101
5530
5690
5798
5950
6080
5410
5616
5738
5839
6033
6082
5416
5628
5749
5820
6011
6079
6107
5422
5644
5736
5821
5992
6087
5415
5580
5674
5784
5929
6061
6075
6105
5491
5669
5778
5875
6056
6064
5385
5590
5709
5814
6008
6052
5460
5652
5781
5883
6068
6073
5402
5599
5706
5795
5992
6099
5549
5698
5799
5917
6042
6065
6095
5463
5653
5779
5885
6062
6073
5545
5622
5453
5482
5481
5476
5473
5474
5471
5473
5471
5471
5468
5468
5472
5475
5473
5472
5472
5473
5471
5471
5471
5472
5457
5459
5459
5476
5440
5541
5333
5315
5317
5319
5333
5400
5328
5325
5324
5325
5325
5323
5321
5322
5320
5323
5321
5324
5323
5325
5323
5323
5332
5329
5335
5336
5325
5323
5320
5323
5325
5327
5324
5325
5325
5331
5324
5325
5333
5331
5332
5333
5322
5323
5335
5333
5333
5159
5267
5316
5306
5173
5140
5143
5142
5207
5213
5214
5211
7124
6913
6856
6854
6856
6852
6853
6849
6853
6854
6853
6855
6854
6857
6856
6856
6856
6857
6856
6857
6857
6857
6856
6854
6864
6864
6860
6862
6854
6855
6853
6856
6854
6855
6853
6856
6854
6856
6853
6855
6853
6853
6850
6851
6853
6852
6850
6848
6849
6850
6850
6849
6848
6848
6851
6850
6851
6852
6853
6849
6846
6849
6849
6850
6851
6851
6850
6849
6850
6850
6851
6851
6853
6853
6852
6852
6853
6851
6849
6855
6854
6853
6853
6853
6851
6854
6853
6853
6861
6861
6865
6863
6854
6855
6855
6854
6856
6856
6855
6855
6853
6854
6856
6855
6855
6855
6855
6856
6855
6854
6855
6854
6854
6854
6855
6854
6852
6854
6855
6852
6851
6854
6855
6853
6852
6853
6853
6850
6851
6847
6849
6847
6850
4834
4835
4835
4836
4836
4846
4849
4851
4853
4845
4844
4845
4847
4848
4845
4841
4843
4845
4844
4855
4857
4857
4855
4855
4980
5047
5279
5331
5286
5119
5127
5123
5133
5144
5140
5174
5196
5290
5509
5512
6106
6778
7331
6945
6948
7121
7124
7119
7125
7044
7036
7038
7041
7045
7042
7055
7055
7052
7052
7052
7050
7053
7052
7118
7121
7111
7111
7110
7109
7110
7112
7110
7109
7109
7041
7037
7042
7042
7049
7042
7040
7036
7036
7039
7040
5220
5352
5392
5393
5392
5225
5227
5235
5231
5232
5234
5227
5225
5226
5225
5225
5223
5224
5233
5233
5237
5215
5202
5205
5206
5207
5207
5208
5210
5211
5209
5261
5324
6637
7263
7123
7116
7115
7119
7162
7228
7226
7226
7230
7229
7228
7236
7242
7238
7236
7234
7237
7236
7238
7234
7237
7238
7236
7234
7236
7239
7236
7230
7231
7235
7235
7234
7244
7244
7248
7248
7249
7246
7248
7248
7245
7248
7248
7251
5317
5427
5492
5496
5327
5324
5338
5349
5350
5433
5499
7223
7398
7272
7275
7375
7380
7380
7383
7385
7388
7388
7400
7400
7401
7394
7373
5493
5596
5592
5592
5426
5436
5447
5448
5515
5606
7526
7416
7368
7373
7468
7471
7471
7476
7489
7489
7491
7489
7493
7493
7493
7494
7493
7494
7500
7498
7502
7501
7498
7498
7497
7499
7498
7483
7485
7499
7500
7494
7500
7499
7497
7501
7490
7491
7491
7493
7493
7492
7491
5528
5620
5710
5721
5721
5552
5551
5552
5553
5563
5562
5562
5562
5556
5555
5555
5554
5556
5555
5555
5552
5556
5558
5558
5551
5552
5554
5555
5543
5541
5544
5544
5542
5543
5543
5520
5519
5520
5516
5520
5519
5518
5513
5516
5517
5516
5513
5515
5516
5512
5512
5510
5514
5515
5516
5513
5514
5515
5513
5512
5514
5515
5512
5511
5512
5515
5516
5515
5511
5516
5516
5515
5512
5512
5530
5541
5538
5568
5569
5572
5571
5562
5567
5568
5619
5681
5856
5911
6443
7064
7446
7321
7332
7341
7344
7343
7314
7344
7311
7332
7338
7329
7323
7322
7313
7315
7329
6438
5574
5580
5571
5573
5573
5562
5582
5577
5575
5570
5567
5578
5568
5575
5582
5574
5487
5485
5482
5485
5479
5483
5481
5485
5485
